3583
12697
2634
3952
12697
2634
12697
3583
2568
16211
0
2568
3148
3386
3850
3386
12487
15100
3580
2120
2568
2634
3194
2634
4068
3605
4029
3605
3533
3621
2909
3621
7469
14653
3812
4068
3942
4015
3248
4083
4026
3523
4068
4135
3148
2568
2634
2637
4111
3381
2568
2637
4077
2637
3248
2637
4029
2637
2568
2954
3172
3583
3156
3173
3172
3156
3172
3268
3172
136
2568
3148
2568
3690
3257
12472
2909
3375
7447
3257
3258
3257
12472
11353
3533
2909
3533
3377
3259
3377
3259
12683
3257
3533
3621
3994
3259
4026
5882
4012
4147
4179
4147
4171
3257
2568
12697
3679
3607
3679
2540
3679
3407
3679
3599
3679
12653
7429
12653
3375
3679
4087
3679
7447
3679
2568
3690
3375
3860
14653
3381
3092
3257
3092
3241
12464
3241
3257
3092
3257
3386
7442
3386
2122
3386
4090
3386
3257
3386
3257
3386
4002
3679
3156
3242
3254
3679
4087
3257
3381
2121
3381
2121
2955
2139
15068
2908
3188
3033
3374
3033
11345
12653
3117
12653
3018
4176
4179
15088
3072
2726
4179
4026
4179
2726
4179
2873
3277
4179
3277
4179
3277
2873
4162
4179
3377
2913
4110
3520
3260
3258
2122
4158
3258
12465
2977
4179
3258
4158
3258
12465
3278
3258
4158
3258
4158
3258
6978
14778
6978
4158
3258
4082
3258
3778
3258
3260
3258
4090
3258
2923
3045
3258
4129
4136
3352
15088
3166
4136
4048
3277
3166
3277
4136
3920
4129
3365
4129
4136
3377
4129
3166
3569
4137
4136
4040
4137
3258
3362
4137
2726
4137
3277
4137
2726
3365
4201
15098
4137
2977
4109
2726
3520
3408
3520
4136
4137
4136
4024
3260
4131
4095
15088
3252
4116
4095
4111
4095
3252
4095
4131
4095
4131
3526
3267
6137
4001
6137
11359
3284
3820
3267
7459
3252
2925
3252
6137
3284
3278
3405
4095
3258
12166
2568
4095
4031
4095
2568
3258
12472
4095
12166
3397
3356
4112
3112
4112
3112
3343
4040
3542
4112
4048
3112
3528
4112
3560
4112
3248
4112
3380
3260
2568
12464
12411
4011
12411
5830
12411
12166
12411
3968
12411
2139
3867
12411
2489
12411
5010
12166
3968
2489
11345
2489
3209
2489
11345
5010
3968
2489
3968
3072
4072
3968
2568
3920
3380
4012
3380
3371
4086
3116
4086
3277
4086
3116
4086
3359
3939
600
2312
4086
3368
3116
4087
4086
3254
4086
4087
3527
4087
4111
7248
3584
4061
3549
3359
3527
4061
7248
3252
3716
3578
3567
2549
3528
3584
3528
3585
3541
3785
3252
3785
3689
3785
3252
3785
3361
4025
4040
3906
2621
3785
4040
7472
4040
3362
3199
14653
12658
3252
2925
4085
3785
4025
3785
3599
3252
3595
3599
3252
3599
4037
4040
4136
4040
3595
4040
3273
4128
3882
2122
3882
14653
3882
3602
3882
4002
3882
3368
3354
3194
2651
3384
3072
3595
3375
3595
3375
3595
3375
4025
2561
11353
2561
3384
2561
3252
12463
3691
6998
3691
7413
7469
12487
7465
3278
3691
7469
3278
7413
2561
12402
3384
3072
3277
7429
3277
3276
2561
2562
2651
3882
3520
3599
3542
4024
3306
3371
4037
4024
3542
3331
14653
3293
3530
3226
3607
3882
3163
3252
2925
3530
3882
3525
4024
3584
4024
136
8926
844
850
136
3331
4026
15088
3399
4026
3399
4025
3931
7459
3931
2621
4026
3368
3578
14653
3578
12450
3399
2963
3399
2120
5010
3538
3569
4026
3594
4026
3541
4016
2592
3920
3850
4016
3939
3525
4109
4015
3551
4015
4016
4015
4087
4015
3542
4002
3578
3116
4002
4026
3116
4002
14735
2583
4002
3542
3116
3520
4001
4002
4001
3400
3584
3607
11735
4111
11513
11735
3347
3584
11735
3306
4129
3163
4040
3584
4040
3578
11735
3335
11735
4107
4013
6207
6987
7447
7459
3627
3691
7447
11735
12393
3545
14778
11735
14778
3307
3987
3307
3994
3594
3994
4066
3562
4098
3553
3994
3201
14653
3280
2592
6137
3316
3199
2651
4099
3994
4002
15087
2583
7472
6314
7472
6314
7472
3584
3252
3994
3516
3994
3562
3994
3356
2983
3558
3541
3906
2983
3542
4061
3201
3400
3584
3400
3584
3528
2983
3371
2977
3985
2977
2583
3371
2977
3542
3525
2977
3625
2977
3371
3621
3885
3621
3541
12383
3558
3550
3621
3352
3329
3578
3621
3539
3158
3559
3542
3541
3547
3987
3547
3559
3272
3072
3525
3158
14680
3559
14680
7248
14680
7248
14680
3539
3594
3542
3547
4171
3547
3939
3547
3541
3594
3542
3405
3594
4162
3594
14778
3594
12383
3356
7476
3560
4144
3560
3352
3850
3560
3351
3333
4064
11359
3292
2916
3292
3528
3560
3356
3560
3584
3560
3351
3562
6314
3562
14778
3562
3560
3584
3560
3352
4032
3578
2122
3578
14653
3340
3320
4233
3194
3560
4106
4013
2636
6144
2904
7468
7464
7468
0
738
136
726
3558
726
849
850
849
0
4097
849
0
849
850
723
727
723
727
849
3601
850
849
850
851
850
849
11345
849
850
851
3931
850
4090
850
851
849
876
877
876
4148
876
875
3987
877
876
877
876
877
852
853
850
723
3547
723
727
723
3352
3259
3260
3569
11513
3560
3584
3277
3560
3351
3350
3403
3560
3352
4032
3194
3882
3396
3366
4107
3560
3584
3560
3584
3943
12463
4013
2636
6150
3250
7468
7464
7468
3525
3560
2904
3560
3584
3400
3967
4143
3967
3112
3967
3112
4000
3112
3967
3350
3403
12715
3403
3967
3112
3525
2986
3967
2986
4066
6152
3033
2930
2122
2894
3087
2930
3223
2894
3223
2894
2902
3006
2902
3223
2902
3223
2902
3223
2592
2902
3958
2902
3006
2902
2895
3535
2895
3223
3931
2899
3223
2911
2895
3223
2895
2896
2897
2898
3514
2898
4146
2930
2122
3033
12411
6338
2139
15088
3067
3867
3067
3867
3067
15088
3124
3180
3067
4147
2958
3256
3128
3124
3868
3128
3124
3128
3067
2592
2916
3092
3067
2583
3541
2955
2923
3128
2930
2955
3532
3067
2930
877
4061
719
14735
719
3124
3385
3128
3385
3124
3385
3128
3385
4009
2583
3385
2629
3394
3257
3128
3257
3394
3385
2572
3372
3128
2567
3385
3128
12463
3385
3128
3385
11345
3385
2950
7438
2950
136
3072
3124
3128
3381
5890
3381
2629
15088
3133
2629
3133
14653
3812
3133
3607
3627
3133
3557
3621
3133
3689
3133
3557
3133
3529
3601
3133
2909
3594
3133
3557
3133
2909
3594
3133
2977
3133
3607
3133
3559
3133
3561
3133
14653
4077
3612
3133
4026
15490
14653
4009
3133
2909
4077
3133
4099
3133
3619
4024
4000
3133
4094
14653
3133
4002
3133
2909
4098
5882
4098
15490
3133
3845
3133
14653
4066
3599
3407
3133
14653
2978
3133
4012
3133
4001
4009
3133
4088
3133
3621
4066
3133
4019
14653
4095
3133
4023
3133
4027
3555
4087
3133
4146
4026
4146
3133
4067
3958
3133
4083
3133
4090
3133
14653
3133
4135
4086
4148
3133
4090
3133
4000
3968
3133
3533
3133
3557
3133
3128
3400
3128
2592
3128
3920
3128
4136
3128
3584
3128
3584
3128
7248
3128
7248
3128
3584
3128
3584
3128
2122
3128
3584
2122
3128
4040
3128
4048
3128
3134
3942
3134
16211
0
16211
0
16211
0
16211
0
16211
0
16211
0
16211
0
16211
0
16211
0
16211
0
16211
0
16211
0
16211
0
16211
0
16211
0
16211
0
16211
0
16211
0
16211
0
16211
0
16211
0
16211
0
16211
2977
16211
0
16211
0
16211
2592
4136
16211
0
16211
0
16211
0
16211
0
16211
3599
