입력된 페이지 별 크기: 8192Bytes
프로세스의 페이지 개수: 16384개
페이지 교체 알고리즘: a
3583
3583
3583
3583
3583
3583
3583
3583
12697
12697
12697
12697
12697
12697
12697
12697
12697
12697
12697
12697
2634
2634
2634
2634
2634
2634
2634
2634
3952
3952
3952
3952
3952
3952
3952
3952
12697
12697
12697
12697
2634
2634
2634
2634
2634
2634
2634
2634
12697
12697
12697
12697
12697
12697
12697
12697
12697
12697
12697
12697
3583
3583
3583
3583
2568
2568
2568
2568
2568
2568
2568
2568
16211
0
0
2568
2568
2568
2568
2568
2568
2568
2568
2568
2568
2568
2568
2568
2568
2568
2568
3148
3148
3148
3148
3386
3386
3386
3386
3386
3386
3386
3386
3850
3850
3850
3850
3386
3386
3386
3386
3386
3386
3386
3386
12487
12487
12487
12487
15100
15100
15100
15100
15100
15100
15100
15100
3580
3580
3580
3580
2120
2120
2120
2120
2120
2120
2120
2120
2568
2568
2568
2568
2568
2568
2568
2568
2634
2634
2634
2634
2634
2634
2634
2634
2634
2634
2634
2634
2634
2634
2634
2634
2634
2634
2634
2634
3194
3194
3194
3194
2634
2634
2634
2634
4068
4068
4068
4068
3605
3605
3605
3605
4029
4029
4029
4029
3605
3605
3605
3605
3533
3533
3533
3533
3621
3621
3621
3621
2909
2909
2909
2909
3621
3621
3621
3621
7469
7469
7469
7469
14653
14653
14653
14653
14653
14653
14653
14653
3812
3812
3812
3812
3812
3812
3812
3812
4068
4068
4068
4068
4068
4068
4068
4068
3942
3942
3942
3942
4015
4015
4015
4015
3248
3248
3248
3248
4083
4083
4083
4083
4083
4083
4083
4083
4083
4083
4083
4083
4026
4026
4026
4026
3523
3523
3523
3523
3523
3523
3523
3523
3523
3523
3523
3523
3523
3523
3523
3523
4068
4068
4068
4068
4068
4068
4068
4068
4135
4135
4135
4135
4135
4135
4135
4135
3148
3148
3148
3148
3148
3148
3148
3148
2568
2568
2568
2568
2568
2568
2568
2568
2634
2634
2634
2634
2634
2634
2634
2634
2637
2637
2637
2637
2637
2637
2637
2637
2637
2637
2637
2637
2637
2637
2637
2637
2637
2637
2637
2637
2637
2637
2637
2637
2637
2637
2637
2637
2637
2637
2637
2637
2637
2637
2637
2637
2637
2637
2637
2637
2637
2637
2637
2637
2637
2637
2637
2637
2637
2637
2637
2637
2637
2637
2637
2637
4111
4111
4111
4111
3381
3381
3381
3381
3381
3381
3381
3381
2568
2568
2568
2568
2568
2568
2568
2568
2568
2568
2568
2568
2568
2568
2568
2568
2568
2568
2568
2568
2637
2637
2637
2637
2637
2637
2637
2637
2637
2637
2637
2637
2637
2637
2637
2637
2637
2637
2637
2637
2637
2637
2637
2637
4077
4077
4077
4077
4077
4077
4077
4077
2637
2637
2637
2637
2637
2637
2637
2637
2637
2637
2637
2637
2637
2637
2637
2637
3248
3248
3248
3248
2637
2637
2637
2637
4029
4029
4029
4029
2637
2637
2637
2637
2568
2568
2568
2568
2568
2568
2568
2568
2568
2568
2568
2568
2568
2568
2568
2568
2568
2568
2568
2568
2568
2568
2568
2568
2568
2568
2568
2568
2568
2568
2568
2568
2568
2568
2568
2568
2568
2568
2568
2568
2954
2954
2954
2954
2954
2954
2954
2954
3172
3172
3172
3172
3172
3172
3172
3172
3172
3172
3172
3172
3172
3172
3172
3172
3172
3172
3172
3172
3583
3583
3583
3583
3583
3583
3583
3583
3156
3156
3156
3156
3173
3173
3173
3173
3172
3172
3172
3172
3172
3172
3172
3172
3172
3172
3172
3172
3172
3172
3172
3172
3172
3172
3172
3172
3156
3156
3156
3156
3172
3172
3172
3172
3172
3172
3172
3172
3172
3172
3172
3172
3268
3268
3268
3268
3172
3172
3172
3172
3172
3172
3172
3172
136
136
136
136
136
136
136
136
2568
2568
2568
2568
2568
2568
2568
2568
3148
3148
3148
3148
2568
2568
2568
2568
3690
3690
3690
3690
3257
3257
3257
3257
3257
3257
3257
3257
3257
3257
3257
3257
3257
3257
3257
3257
3257
3257
3257
3257
3257
3257
3257
3257
3257
3257
3257
3257
3257
3257
3257
3257
3257
3257
3257
3257
12472
12472
12472
12472
12472
12472
12472
12472
2909
2909
2909
2909
3375
3375
3375
3375
3375
3375
3375
3375
7447
7447
7447
7447
3257
3257
3257
3257
3257
3257
3257
3257
3257
3257
3257
3257
3257
3257
3257
3257
3257
3257
3257
3257
3258
3258
3258
3258
3257
3257
3257
3257
3257
3257
3257
3257
3257
3257
3257
3257
12472
12472
12472
12472
12472
12472
12472
12472
11353
11353
11353
11353
11353
11353
11353
11353
3533
3533
3533
3533
2909
2909
2909
2909
3533
3533
3533
3533
3533
3533
3533
3533
3377
3377
3377
3377
3377
3377
3377
3377
3259
3259
3259
3259
3377
3377
3377
3377
3377
3377
3377
3377
3259
3259
3259
3259
12683
12683
12683
12683
12683
12683
12683
12683
3257
3257
3257
3257
3257
3257
3257
3257
3533
3533
3533
3533
3621
3621
3621
3621
3994
3994
3994
3994
3994
3994
3994
3994
3994
3994
3994
3994
3259
3259
3259
3259
3259
3259
3259
3259
4026
4026
4026
4026
4026
4026
4026
4026
5882
5882
5882
5882
5882
5882
5882
5882
4012
4012
4012
4012
4012
4012
4012
4012
4147
4147
4147
4147
4179
4179
4179
4179
4147
4147
4147
4147
4171
4171
4171
4171
4171
4171
4171
4171
3257
3257
3257
3257
3257
3257
3257
3257
3257
3257
3257
3257
3257
3257
3257
3257
3257
3257
3257
3257
3257
3257
3257
3257
3257
3257
3257
3257
3257
3257
3257
3257
3257
3257
3257
3257
3257
3257
3257
3257
3257
3257
3257
3257
3257
3257
3257
3257
3257
3257
3257
3257
3257
3257
3257
3257
3257
3257
3257
3257
3257
3257
3257
3257
3257
3257
3257
3257
3257
3257
3257
3257
2568
2568
2568
2568
2568
2568
2568
2568
12697
12697
12697
12697
12697
12697
12697
12697
3679
3679
3679
3679
3679
3679
3679
3679
3607
3607
3607
3607
3679
3679
3679
3679
3679
3679
3679
3679
2540
2540
2540
2540
2540
2540
2540
2540
3679
3679
3679
3679
3679
3679
3679
3679
3679
3679
3679
3679
3407
3407
3407
3407
3679
3679
3679
3679
3599
3599
3599
3599
3679
3679
3679
3679
12653
12653
12653
12653
12653
12653
12653
12653
7429
7429
7429
7429
12653
12653
12653
12653
12653
12653
12653
12653
3375
3375
3375
3375
3375
3375
3375
3375
3375
3375
3375
3375
3375
3375
3375
3375
3375
3375
3375
3375
3679
3679
3679
3679
3679
3679
3679
3679
3679
3679
3679
3679
3679
3679
3679
3679
3679
3679
3679
3679
3679
3679
3679
3679
3679
3679
3679
3679
4087
4087
4087
4087
4087
4087
4087
4087
3679
3679
3679
3679
7447
7447
7447
7447
3679
3679
3679
3679
3679
3679
3679
3679
3679
3679
3679
3679
2568
2568
2568
2568
3690
3690
3690
3690
3690
3690
3690
3690
3690
3690
3690
3690
3690
3690
3690
3690
3690
3690
3690
3690
3690
3690
3690
3690
3690
3690
3690
3690
3690
3690
3690
3690
3375
3375
3375
3375
3375
3375
3375
3375
3860
3860
3860
3860
3860
3860
3860
3860
14653
14653
14653
14653
3381
3381
3381
3381
3381
3381
3381
3381
3092
3092
3092
3092
3257
3257
3257
3257
3092
3092
3092
3092
3241
3241
3241
3241
3241
3241
3241
3241
12464
12464
12464
12464
12464
12464
12464
12464
3241
3241
3241
3241
3241
3241
3241
3241
3257
3257
3257
3257
3257
3257
3257
3257
3092
3092
3092
3092
3257
3257
3257
3257
3257
3257
3257
3257
3257
3257
3257
3257
3257
3257
3257
3257
3386
3386
3386
3386
7442
7442
7442
7442
3386
3386
3386
3386
2122
2122
2122
2122
2122
2122
2122
2122
3386
3386
3386
3386
4090
4090
4090
4090
3386
3386
3386
3386
3386
3386
3386
3386
3386
3386
3386
3386
3386
3386
3386
3386
3257
3257
3257
3257
3257
3257
3257
3257
3257
3257
3257
3257
3386
3386
3386
3386
3386
3386
3386
3386
3257
3257
3257
3257
3257
3257
3257
3257
3386
3386
3386
3386
3386
3386
3386
3386
3386
3386
3386
3386
4002
4002
4002
4002
3679
3679
3679
3679
3679
3679
3679
3679
3679
3679
3679
3679
3679
3679
3679
3679
3156
3156
3156
3156
3242
3242
3242
3242
3242
3242
3242
3242
3254
3254
3254
3254
3679
3679
3679
3679
3679
3679
3679
3679
3679
3679
3679
3679
4087
4087
4087
4087
4087
4087
4087
4087
3257
3257
3257
3257
3257
3257
3257
3257
3381
3381
3381
3381
3381
3381
3381
3381
3381
3381
3381
3381
2121
2121
2121
2121
2121
2121
2121
2121
2121
2121
2121
2121
3381
3381
3381
3381
3381
3381
3381
3381
2121
2121
2121
2121
2121
2121
2121
2121
2121
2121
2121
2121
2121
2121
2121
2121
2121
2121
2121
2121
2955
2955
2955
2955
2955
2955
2955
2955
2139
2139
2139
2139
15068
15068
15068
15068
15068
15068
15068
15068
15068
15068
15068
15068
2908
2908
2908
2908
3188
3188
3188
3188
3033
3033
3033
3033
3374
3374
3374
3374
3374
3374
3374
3374
3374
3374
3374
3374
3033
3033
3033
3033
11345
11345
11345
11345
11345
11345
11345
11345
12653
12653
12653
12653
3117
3117
3117
3117
12653
12653
12653
12653
3018
3018
3018
3018
4176
4176
4176
4176
4179
4179
4179
4179
4179
4179
4179
4179
15088
15088
15088
15088
3072
3072
3072
3072
2726
2726
2726
2726
4179
4179
4179
4179
4026
4026
4026
4026
4179
4179
4179
4179
2726
2726
2726
2726
4179
4179
4179
4179
2873
2873
2873
2873
2873
2873
2873
2873
3277
3277
3277
3277
4179
4179
4179
4179
3277
3277
3277
3277
4179
4179
4179
4179
3277
3277
3277
3277
3277
3277
3277
3277
3277
3277
3277
3277
2873
2873
2873
2873
2873
2873
2873
2873
2873
2873
2873
2873
2873
2873
2873
2873
4162
4162
4162
4162
4179
4179
4179
4179
3377
3377
3377
3377
2913
2913
2913
2913
4110
4110
4110
4110
3520
3520
3520
3520
3520
3520
3520
3520
3260
3260
3260
3260
3260
3260
3260
3260
3258
3258
3258
3258
3258
3258
3258
3258
2122
2122
2122
2122
2122
2122
2122
2122
4158
4158
4158
4158
4158
4158
4158
4158
3258
3258
3258
3258
3258
3258
3258
3258
12465
12465
12465
12465
2977
2977
2977
2977
4179
4179
4179
4179
4179
4179
4179
4179
3258
3258
3258
3258
3258
3258
3258
3258
4158
4158
4158
4158
3258
3258
3258
3258
3258
3258
3258
3258
12465
12465
12465
12465
3278
3278
3278
3278
3278
3278
3278
3278
3258
3258
3258
3258
4158
4158
4158
4158
3258
3258
3258
3258
4158
4158
4158
4158
3258
3258
3258
3258
3258
3258
3258
3258
3258
3258
3258
3258
3258
3258
3258
3258
3258
3258
3258
3258
6978
6978
6978
6978
6978
6978
6978
6978
14778
14778
14778
14778
14778
14778
14778
14778
6978
6978
6978
6978
6978
6978
6978
6978
6978
6978
6978
6978
4158
4158
4158
4158
4158
4158
4158
4158
3258
3258
3258
3258
4082
4082
4082
4082
3258
3258
3258
3258
3258
3258
3258
3258
3258
3258
3258
3258
3778
3778
3778
3778
3258
3258
3258
3258
3258
3258
3258
3258
3260
3260
3260
3260
3260
3260
3260
3260
3258
3258
3258
3258
3258
3258
3258
3258
4090
4090
4090
4090
3258
3258
3258
3258
3258
3258
3258
3258
3258
3258
3258
3258
3258
3258
3258
3258
2923
2923
2923
2923
2923
2923
2923
2923
3045
3045
3045
3045
3258
3258
3258
3258
3258
3258
3258
3258
4129
4129
4129
4129
4136
4136
4136
4136
4136
4136
4136
4136
4136
4136
4136
4136
4136
4136
4136
4136
4136
4136
4136
4136
4136
4136
4136
4136
3352
3352
3352
3352
15088
15088
15088
15088
3166
3166
3166
3166
3166
3166
3166
3166
4136
4136
4136
4136
4048
4048
4048
4048
3277
3277
3277
3277
3166
3166
3166
3166
3166
3166
3166
3166
3277
3277
3277
3277
3277
3277
3277
3277
4136
4136
4136
4136
4136
4136
4136
4136
3920
3920
3920
3920
4129
4129
4129
4129
4129
4129
4129
4129
3365
3365
3365
3365
3365
3365
3365
3365
4129
4129
4129
4129
4136
4136
4136
4136
3377
3377
3377
3377
4129
4129
4129
4129
4129
4129
4129
4129
3166
3166
3166
3166
3166
3166
3166
3166
3569
3569
3569
3569
3569
3569
3569
3569
4137
4137
4137
4137
4136
4136
4136
4136
4136
4136
4136
4136
4040
4040
4040
4040
4137
4137
4137
4137
4137
4137
4137
4137
4137
4137
4137
4137
4137
4137
4137
4137
4137
4137
4137
4137
4137
4137
4137
4137
3258
3258
3258
3258
3258
3258
3258
3258
3362
3362
3362
3362
3362
3362
3362
3362
4137
4137
4137
4137
4137
4137
4137
4137
4137
4137
4137
4137
4137
4137
4137
4137
4137
4137
4137
4137
2726
2726
2726
2726
4137
4137
4137
4137
3277
3277
3277
3277
3277
3277
3277
3277
4137
4137
4137
4137
4137
4137
4137
4137
4137
4137
4137
4137
2726
2726
2726
2726
2726
2726
2726
2726
2726
2726
2726
2726
3365
3365
3365
3365
4201
4201
4201
4201
4201
4201
4201
4201
15098
15098
15098
15098
15098
15098
15098
15098
4137
4137
4137
4137
2977
2977
2977
2977
4109
4109
4109
4109
2726
2726
2726
2726
2726
2726
2726
2726
3520
3520
3520
3520
3408
3408
3408
3408
3408
3408
3408
3408
3520
3520
3520
3520
4136
4136
4136
4136
4136
4136
4136
4136
4137
4137
4137
4137
4137
4137
4137
4137
4136
4136
4136
4136
4136
4136
4136
4136
4136
4136
4136
4136
4136
4136
4136
4136
4024
4024
4024
4024
3260
3260
3260
3260
4131
4131
4131
4131
4131
4131
4131
4131
4095
4095
4095
4095
4095
4095
4095
4095
15088
15088
15088
15088
3252
3252
3252
3252
4116
4116
4116
4116
4095
4095
4095
4095
4111
4111
4111
4111
4095
4095
4095
4095
4095
4095
4095
4095
3252
3252
3252
3252
3252
3252
3252
3252
3252
3252
3252
3252
4095
4095
4095
4095
4095
4095
4095
4095
4131
4131
4131
4131
4131
4131
4131
4131
4095
4095
4095
4095
4131
4131
4131
4131
3526
3526
3526
3526
3526
3526
3526
3526
3267
3267
3267
3267
6137
6137
6137
6137
6137
6137
6137
6137
6137
6137
6137
6137
4001
4001
4001
4001
6137
6137
6137
6137
11359
11359
11359
11359
11359
11359
11359
11359
3284
3284
3284
3284
3820
3820
3820
3820
3267
3267
3267
3267
3267
3267
3267
3267
7459
7459
7459
7459
3252
3252
3252
3252
3252
3252
3252
3252
2925
2925
2925
2925
2925
2925
2925
2925
3252
3252
3252
3252
6137
6137
6137
6137
6137
6137
6137
6137
3284
3284
3284
3284
3278
3278
3278
3278
3278
3278
3278
3278
3405
3405
3405
3405
4095
4095
4095
4095
4095
4095
4095
4095
4095
4095
4095
4095
4095
4095
4095
4095
3258
3258
3258
3258
3258
3258
3258
3258
3258
3258
3258
3258
3258
3258
3258
3258
12166
12166
12166
12166
12166
12166
12166
12166
2568
2568
2568
2568
2568
2568
2568
2568
4095
4095
4095
4095
4031
4031
4031
4031
4031
4031
4031
4031
4095
4095
4095
4095
2568
2568
2568
2568
2568
2568
2568
2568
3258
3258
3258
3258
3258
3258
3258
3258
12472
12472
12472
12472
4095
4095
4095
4095
4095
4095
4095
4095
12166
12166
12166
12166
12166
12166
12166
12166
3397
3397
3397
3397
3397
3397
3397
3397
3356
3356
3356
3356
3356
3356
3356
3356
4112
4112
4112
4112
4112
4112
4112
4112
4112
4112
4112
4112
3112
3112
3112
3112
4112
4112
4112
4112
4112
4112
4112
4112
4112
4112
4112
4112
4112
4112
4112
4112
3112
3112
3112
3112
3343
3343
3343
3343
4040
4040
4040
4040
3542
3542
3542
3542
4112
4112
4112
4112
4112
4112
4112
4112
4048
4048
4048
4048
4048
4048
4048
4048
3112
3112
3112
3112
3528
3528
3528
3528
4112
4112
4112
4112
4112
4112
4112
4112
4112
4112
4112
4112
4112
4112
4112
4112
4112
4112
4112
4112
4112
4112
4112
4112
3560
3560
3560
3560
4112
4112
4112
4112
3248
3248
3248
3248
4112
4112
4112
4112
3380
3380
3380
3380
3260
3260
3260
3260
3260
3260
3260
3260
2568
2568
2568
2568
2568
2568
2568
2568
2568
2568
2568
2568
2568
2568
2568
2568
2568
2568
2568
2568
2568
2568
2568
2568
2568
2568
2568
2568
12464
12464
12464
12464
12411
12411
12411
12411
12411
12411
12411
12411
12411
12411
12411
12411
4011
4011
4011
4011
12411
12411
12411
12411
12411
12411
12411
12411
5830
5830
5830
5830
5830
5830
5830
5830
5830
5830
5830
5830
12411
12411
12411
12411
12411
12411
12411
12411
12166
12166
12166
12166
12166
12166
12166
12166
12411
12411
12411
12411
12411
12411
12411
12411
3968
3968
3968
3968
3968
3968
3968
3968
12411
12411
12411
12411
12411
12411
12411
12411
2139
2139
2139
2139
3867
3867
3867
3867
12411
12411
12411
12411
12411
12411
12411
12411
2489
2489
2489
2489
2489
2489
2489
2489
2489
2489
2489
2489
12411
12411
12411
12411
12411
12411
12411
12411
5010
5010
5010
5010
12166
12166
12166
12166
12166
12166
12166
12166
3968
3968
3968
3968
3968
3968
3968
3968
2489
2489
2489
2489
2489
2489
2489
2489
11345
11345
11345
11345
11345
11345
11345
11345
2489
2489
2489
2489
2489
2489
2489
2489
3209
3209
3209
3209
3209
3209
3209
3209
2489
2489
2489
2489
2489
2489
2489
2489
11345
11345
11345
11345
11345
11345
11345
11345
5010
5010
5010
5010
5010
5010
5010
5010
3968
3968
3968
3968
3968
3968
3968
3968
2489
2489
2489
2489
2489
2489
2489
2489
3968
3968
3968
3968
3968
3968
3968
3968
3968
3968
3968
3968
3968
3968
3968
3968
3072
3072
3072
3072
4072
4072
4072
4072
4072
4072
4072
4072
3968
3968
3968
3968
3968
3968
3968
3968
3968
3968
3968
3968
2568
2568
2568
2568
2568
2568
2568
2568
3920
3920
3920
3920
3380
3380
3380
3380
4012
4012
4012
4012
4012
4012
4012
4012
3380
3380
3380
3380
3380
3380
3380
3380
3380
3380
3380
3380
3380
3380
3380
3380
3371
3371
3371
3371
3371
3371
3371
3371
4086
4086
4086
4086
4086
4086
4086
4086
3116
3116
3116
3116
4086
4086
4086
4086
4086
4086
4086
4086
3277
3277
3277
3277
4086
4086
4086
4086
3116
3116
3116
3116
4086
4086
4086
4086
3359
3359
3359
3359
3359
3359
3359
3359
3939
3939
3939
3939
3939
3939
3939
3939
3939
3939
3939
3939
600
600
600
600
600
600
600
600
600
600
600
600
2312
2312
2312
2312
4086
4086
4086
4086
4086
4086
4086
4086
3368
3368
3368
3368
3368
3368
3368
3368
3116
3116
3116
3116
4087
4087
4087
4087
4086
4086
4086
4086
3254
3254
3254
3254
3254
3254
3254
3254
4086
4086
4086
4086
4087
4087
4087
4087
4087
4087
4087
4087
3527
3527
3527
3527
4087
4087
4087
4087
4087
4087
4087
4087
4087
4087
4087
4087
4087
4087
4087
4087
4111
4111
4111
4111
7248
7248
7248
7248
7248
7248
7248
7248
7248
7248
7248
7248
7248
7248
7248
7248
7248
7248
7248
7248
7248
7248
7248
7248
7248
7248
7248
7248
3584
3584
3584
3584
3584
3584
3584
3584
4061
4061
4061
4061
3549
3549
3549
3549
3359
3359
3359
3359
3527
3527
3527
3527
4061
4061
4061
4061
4061
4061
4061
4061
4061
4061
4061
4061
7248
7248
7248
7248
3252
3252
3252
3252
3716
3716
3716
3716
3716
3716
3716
3716
3578
3578
3578
3578
3578
3578
3578
3578
3567
3567
3567
3567
3567
3567
3567
3567
3567
3567
3567
3567
3567
3567
3567
3567
2549
2549
2549
2549
2549
2549
2549
2549
3528
3528
3528
3528
3584
3584
3584
3584
3584
3584
3584
3584
3528
3528
3528
3528
3585
3585
3585
3585
3585
3585
3585
3585
3585
3585
3585
3585
3585
3585
3585
3585
3585
3585
3585
3585
3585
3585
3585
3585
3585
3585
3585
3585
3585
3585
3585
3585
3585
3585
3585
3585
3541
3541
3541
3541
3541
3541
3541
3541
3785
3785
3785
3785
3785
3785
3785
3785
3252
3252
3252
3252
3252
3252
3252
3252
3785
3785
3785
3785
3689
3689
3689
3689
3785
3785
3785
3785
3785
3785
3785
3785
3252
3252
3252
3252
3252
3252
3252
3252
3785
3785
3785
3785
3785
3785
3785
3785
3361
3361
3361
3361
3361
3361
3361
3361
4025
4025
4025
4025
4040
4040
4040
4040
4040
4040
4040
4040
3906
3906
3906
3906
3906
3906
3906
3906
3906
3906
3906
3906
2621
2621
2621
2621
2621
2621
2621
2621
3785
3785
3785
3785
4040
4040
4040
4040
7472
7472
7472
7472
4040
4040
4040
4040
3362
3362
3362
3362
3362
3362
3362
3362
3199
3199
3199
3199
3199
3199
3199
3199
3199
3199
3199
3199
14653
14653
14653
14653
12658
12658
12658
12658
12658
12658
12658
12658
12658
12658
12658
12658
12658
12658
12658
12658
3252
3252
3252
3252
2925
2925
2925
2925
4085
4085
4085
4085
3785
3785
3785
3785
3785
3785
3785
3785
3785
3785
3785
3785
3785
3785
3785
3785
4025
4025
4025
4025
3785
3785
3785
3785
3785
3785
3785
3785
3599
3599
3599
3599
3599
3599
3599
3599
3252
3252
3252
3252
3252
3252
3252
3252
3595
3595
3595
3595
3599
3599
3599
3599
3599
3599
3599
3599
3252
3252
3252
3252
3252
3252
3252
3252
3599
3599
3599
3599
3599
3599
3599
3599
4037
4037
4037
4037
4037
4037
4037
4037
4040
4040
4040
4040
4136
4136
4136
4136
4040
4040
4040
4040
4040
4040
4040
4040
3595
3595
3595
3595
4040
4040
4040
4040
3273
3273
3273
3273
3273
3273
3273
3273
4128
4128
4128
4128
4128
4128
4128
4128
4128
4128
4128
4128
3882
3882
3882
3882
2122
2122
2122
2122
3882
3882
3882
3882
14653
14653
14653
14653
3882
3882
3882
3882
3602
3602
3602
3602
3602
3602
3602
3602
3882
3882
3882
3882
4002
4002
4002
4002
4002
4002
4002
4002
3882
3882
3882
3882
3882
3882
3882
3882
3882
3882
3882
3882
3368
3368
3368
3368
3354
3354
3354
3354
3194
3194
3194
3194
3194
3194
3194
3194
2651
2651
2651
2651
2651
2651
2651
2651
2651
2651
2651
2651
3384
3384
3384
3384
3384
3384
3384
3384
3072
3072
3072
3072
3072
3072
3072
3072
3595
3595
3595
3595
3595
3595
3595
3595
3595
3595
3595
3595
3375
3375
3375
3375
3595
3595
3595
3595
3375
3375
3375
3375
3595
3595
3595
3595
3375
3375
3375
3375
4025
4025
4025
4025
4025
4025
4025
4025
2561
2561
2561
2561
2561
2561
2561
2561
11353
11353
11353
11353
11353
11353
11353
11353
11353
11353
11353
11353
11353
11353
11353
11353
11353
11353
11353
11353
11353
11353
11353
11353
11353
11353
11353
11353
2561
2561
2561
2561
2561
2561
2561
2561
2561
2561
2561
2561
2561
2561
2561
2561
3384
3384
3384
3384
3384
3384
3384
3384
3384
3384
3384
3384
3384
3384
3384
3384
2561
2561
2561
2561
2561
2561
2561
2561
2561
2561
2561
2561
2561
2561
2561
2561
3252
3252
3252
3252
3252
3252
3252
3252
12463
12463
12463
12463
12463
12463
12463
12463
3691
3691
3691
3691
3691
3691
3691
3691
3691
3691
3691
3691
6998
6998
6998
6998
6998
6998
6998
6998
3691
3691
3691
3691
7413
7413
7413
7413
7413
7413
7413
7413
7413
7413
7413
7413
7413
7413
7413
7413
7469
7469
7469
7469
12487
12487
12487
12487
7465
7465
7465
7465
7465
7465
7465
7465
3278
3278
3278
3278
3278
3278
3278
3278
3691
3691
3691
3691
7469
7469
7469
7469
3278
3278
3278
3278
3278
3278
3278
3278
3278
3278
3278
3278
3278
3278
3278
3278
7413
7413
7413
7413
7413
7413
7413
7413
2561
2561
2561
2561
2561
2561
2561
2561
2561
2561
2561
2561
12402
12402
12402
12402
12402
12402
12402
12402
3384
3384
3384
3384
3384
3384
3384
3384
3072
3072
3072
3072
3277
3277
3277
3277
3277
3277
3277
3277
3277
3277
3277
3277
7429
7429
7429
7429
3277
3277
3277
3277
3277
3277
3277
3277
3276
3276
3276
3276
3276
3276
3276
3276
3276
3276
3276
3276
3276
3276
3276
3276
3276
3276
3276
3276
3276
3276
3276
3276
2561
2561
2561
2561
2561
2561
2561
2561
2562
2562
2562
2562
2562
2562
2562
2562
2562
2562
2562
2562
2562
2562
2562
2562
2651
2651
2651
2651
2651
2651
2651
2651
3882
3882
3882
3882
3882
3882
3882
3882
3882
3882
3882
3882
3882
3882
3882
3882
3882
3882
3882
3882
3520
3520
3520
3520
3520
3520
3520
3520
3599
3599
3599
3599
3599
3599
3599
3599
3599
3599
3599
3599
3599
3599
3599
3599
3599
3599
3599
3599
3599
3599
3599
3599
3542
3542
3542
3542
3542
3542
3542
3542
4024
4024
4024
4024
4024
4024
4024
4024
4024
4024
4024
4024
4024
4024
4024
4024
4024
4024
4024
4024
4024
4024
4024
4024
4024
4024
4024
4024
3306
3306
3306
3306
3371
3371
3371
3371
4037
4037
4037
4037
4037
4037
4037
4037
4024
4024
4024
4024
3542
3542
3542
3542
3331
3331
3331
3331
3331
3331
3331
3331
14653
14653
14653
14653
14653
14653
14653
14653
3293
3293
3293
3293
3530
3530
3530
3530
3226
3226
3226
3226
3607
3607
3607
3607
3882
3882
3882
3882
3882
3882
3882
3882
3882
3882
3882
3882
3882
3882
3882
3882
3163
3163
3163
3163
3252
3252
3252
3252
3252
3252
3252
3252
2925
2925
2925
2925
2925
2925
2925
2925
2925
2925
2925
2925
3530
3530
3530
3530
3882
3882
3882
3882
3882
3882
3882
3882
3525
3525
3525
3525
3525
3525
3525
3525
4024
4024
4024
4024
4024
4024
4024
4024
4024
4024
4024
4024
4024
4024
4024
4024
3584
3584
3584
3584
3584
3584
3584
3584
4024
4024
4024
4024
4024
4024
4024
4024
4024
4024
4024
4024
136
136
136
136
136
136
136
136
8926
8926
8926
8926
8926
8926
8926
8926
844
844
844
844
850
850
850
850
850
850
850
850
136
136
136
136
136
136
136
136
3331
3331
3331
3331
4026
4026
4026
4026
15088
15088
15088
15088
3399
3399
3399
3399
3399
3399
3399
3399
4026
4026
4026
4026
4026
4026
4026
4026
4026
4026
4026
4026
4026
4026
4026
4026
4026
4026
4026
4026
4026
4026
4026
4026
3399
3399
3399
3399
3399
3399
3399
3399
4025
4025
4025
4025
4025
4025
4025
4025
4025
4025
4025
4025
4025
4025
4025
4025
3931
3931
3931
3931
7459
7459
7459
7459
3931
3931
3931
3931
3931
3931
3931
3931
2621
2621
2621
2621
2621
2621
2621
2621
4026
4026
4026
4026
4026
4026
4026
4026
3368
3368
3368
3368
3368
3368
3368
3368
3578
3578
3578
3578
3578
3578
3578
3578
14653
14653
14653
14653
3578
3578
3578
3578
3578
3578
3578
3578
12450
12450
12450
12450
3399
3399
3399
3399
2963
2963
2963
2963
3399
3399
3399
3399
2120
2120
2120
2120
5010
5010
5010
5010
3538
3538
3538
3538
3538
3538
3538
3538
3569
3569
3569
3569
4026
4026
4026
4026
3594
3594
3594
3594
4026
4026
4026
4026
4026
4026
4026
4026
4026
4026
4026
4026
4026
4026
4026
4026
4026
4026
4026
4026
4026
4026
4026
4026
4026
4026
4026
4026
4026
4026
4026
4026
3541
3541
3541
3541
4016
4016
4016
4016
4016
4016
4016
4016
4016
4016
4016
4016
4016
4016
4016
4016
4016
4016
4016
4016
4016
4016
4016
4016
4016
4016
4016
4016
4016
4016
4016
4016
4016
4016
4016
4016
4016
4016
4016
4016
2592
2592
2592
2592
3920
3920
3920
3920
3920
3920
3920
3920
3850
3850
3850
3850
3850
3850
3850
3850
4016
4016
4016
4016
3939
3939
3939
3939
3939
3939
3939
3939
3525
3525
3525
3525
4109
4109
4109
4109
4015
4015
4015
4015
3551
3551
3551
3551
4015
4015
4015
4015
4016
4016
4016
4016
4016
4016
4016
4016
4015
4015
4015
4015
4087
4087
4087
4087
4015
4015
4015
4015
4015
4015
4015
4015
4015
4015
4015
4015
4015
4015
4015
4015
3542
3542
3542
3542
4002
4002
4002
4002
4002
4002
4002
4002
4002
4002
4002
4002
4002
4002
4002
4002
3578
3578
3578
3578
3116
3116
3116
3116
4002
4002
4002
4002
4026
4026
4026
4026
4026
4026
4026
4026
3116
3116
3116
3116
4002
4002
4002
4002
4002
4002
4002
4002
14735
14735
14735
14735
2583
2583
2583
2583
4002
4002
4002
4002
3542
3542
3542
3542
3116
3116
3116
3116
3520
3520
3520
3520
3520
3520
3520
3520
4001
4001
4001
4001
4001
4001
4001
4001
4002
4002
4002
4002
4002
4002
4002
4002
4002
4002
4002
4002
4001
4001
4001
4001
4001
4001
4001
4001
4001
4001
4001
4001
4001
4001
4001
4001
4001
4001
4001
4001
3400
3400
3400
3400
3584
3584
3584
3584
3584
3584
3584
3584
3607
3607
3607
3607
11735
11735
11735
11735
11735
11735
11735
11735
11735
11735
11735
11735
4111
4111
4111
4111
11513
11513
11513
11513
11735
11735
11735
11735
11735
11735
11735
11735
11735
11735
11735
11735
11735
11735
11735
11735
3347
3347
3347
3347
3347
3347
3347
3347
3584
3584
3584
3584
3584
3584
3584
3584
11735
11735
11735
11735
3306
3306
3306
3306
4129
4129
4129
4129
4129
4129
4129
4129
3163
3163
3163
3163
3163
3163
3163
3163
4040
4040
4040
4040
3584
3584
3584
3584
3584
3584
3584
3584
4040
4040
4040
4040
3578
3578
3578
3578
11735
11735
11735
11735
11735
11735
11735
11735
3335
3335
3335
3335
11735
11735
11735
11735
11735
11735
11735
11735
4107
4107
4107
4107
4013
4013
4013
4013
6207
6207
6207
6207
6987
6987
6987
6987
7447
7447
7447
7447
7447
7447
7447
7447
7459
7459
7459
7459
3627
3627
3627
3627
3691
3691
3691
3691
7447
7447
7447
7447
7447
7447
7447
7447
11735
11735
11735
11735
12393
12393
12393
12393
3545
3545
3545
3545
3545
3545
3545
3545
14778
14778
14778
14778
14778
14778
14778
14778
11735
11735
11735
11735
11735
11735
11735
11735
11735
11735
11735
11735
11735
11735
11735
11735
11735
11735
11735
11735
14778
14778
14778
14778
3307
3307
3307
3307
3987
3987
3987
3987
3307
3307
3307
3307
3994
3994
3994
3994
3994
3994
3994
3994
3994
3994
3994
3994
3994
3994
3994
3994
3594
3594
3594
3594
3994
3994
3994
3994
3994
3994
3994
3994
3994
3994
3994
3994
3994
3994
3994
3994
4066
4066
4066
4066
3562
3562
3562
3562
3562
3562
3562
3562
3562
3562
3562
3562
4098
4098
4098
4098
3553
3553
3553
3553
3553
3553
3553
3553
3994
3994
3994
3994
3201
3201
3201
3201
3201
3201
3201
3201
3201
3201
3201
3201
14653
14653
14653
14653
14653
14653
14653
14653
14653
14653
14653
14653
3280
3280
3280
3280
2592
2592
2592
2592
6137
6137
6137
6137
6137
6137
6137
6137
6137
6137
6137
6137
6137
6137
6137
6137
3316
3316
3316
3316
3316
3316
3316
3316
3316
3316
3316
3316
3199
3199
3199
3199
3199
3199
3199
3199
3199
3199
3199
3199
2651
2651
2651
2651
2651
2651
2651
2651
4099
4099
4099
4099
3994
3994
3994
3994
3994
3994
3994
3994
3994
3994
3994
3994
3994
3994
3994
3994
4002
4002
4002
4002
15087
15087
15087
15087
15087
15087
15087
15087
2583
2583
2583
2583
2583
2583
2583
2583
7472
7472
7472
7472
6314
6314
6314
6314
6314
6314
6314
6314
7472
7472
7472
7472
6314
6314
6314
6314
6314
6314
6314
6314
7472
7472
7472
7472
7472
7472
7472
7472
3584
3584
3584
3584
3584
3584
3584
3584
3252
3252
3252
3252
3994
3994
3994
3994
3516
3516
3516
3516
3994
3994
3994
3994
3994
3994
3994
3994
3562
3562
3562
3562
3994
3994
3994
3994
3994
3994
3994
3994
3994
3994
3994
3994
3994
3994
3994
3994
3356
3356
3356
3356
2983
2983
2983
2983
2983
2983
2983
2983
2983
2983
2983
2983
2983
2983
2983
2983
2983
2983
2983
2983
2983
2983
2983
2983
2983
2983
2983
2983
3558
3558
3558
3558
3558
3558
3558
3558
3541
3541
3541
3541
3906
3906
3906
3906
3906
3906
3906
3906
2983
2983
2983
2983
3542
3542
3542
3542
4061
4061
4061
4061
3201
3201
3201
3201
3201
3201
3201
3201
3201
3201
3201
3201
3400
3400
3400
3400
3400
3400
3400
3400
3584
3584
3584
3584
3400
3400
3400
3400
3400
3400
3400
3400
3584
3584
3584
3584
3584
3584
3584
3584
3528
3528
3528
3528
2983
2983
2983
2983
2983
2983
2983
2983
2983
2983
2983
2983
2983
2983
2983
2983
2983
2983
2983
2983
2983
2983
2983
2983
2983
2983
2983
2983
2983
2983
2983
2983
3371
3371
3371
3371
3371
3371
3371
3371
2977
2977
2977
2977
2977
2977
2977
2977
3985
3985
3985
3985
2977
2977
2977
2977
2977
2977
2977
2977
2977
2977
2977
2977
2977
2977
2977
2977
2977
2977
2977
2977
2977
2977
2977
2977
2583
2583
2583
2583
2583
2583
2583
2583
3371
3371
3371
3371
3371
3371
3371
3371
3371
3371
3371
3371
3371
3371
3371
3371
2977
2977
2977
2977
3542
3542
3542
3542
3525
3525
3525
3525
2977
2977
2977
2977
2977
2977
2977
2977
2977
2977
2977
2977
2977
2977
2977
2977
2977
2977
2977
2977
2977
2977
2977
2977
2977
2977
2977
2977
3625
3625
3625
3625
2977
2977
2977
2977
2977
2977
2977
2977
3371
3371
3371
3371
3371
3371
3371
3371
3621
3621
3621
3621
3621
3621
3621
3621
3621
3621
3621
3621
3621
3621
3621
3621
3885
3885
3885
3885
3621
3621
3621
3621
3621
3621
3621
3621
3621
3621
3621
3621
3541
3541
3541
3541
12383
12383
12383
12383
3558
3558
3558
3558
3550
3550
3550
3550
3550
3550
3550
3550
3621
3621
3621
3621
3621
3621
3621
3621
3352
3352
3352
3352
3352
3352
3352
3352
3329
3329
3329
3329
3578
3578
3578
3578
3578
3578
3578
3578
3578
3578
3578
3578
3621
3621
3621
3621
3621
3621
3621
3621
3621
3621
3621
3621
3621
3621
3621
3621
3621
3621
3621
3621
3621
3621
3621
3621
3621
3621
3621
3621
3621
3621
3621
3621
3539
3539
3539
3539
3539
3539
3539
3539
3158
3158
3158
3158
3559
3559
3559
3559
3559
3559
3559
3559
3559
3559
3559
3559
3559
3559
3559
3559
3559
3559
3559
3559
3559
3559
3559
3559
3559
3559
3559
3559
3559
3559
3559
3559
3559
3559
3559
3559
3559
3559
3559
3559
3542
3542
3542
3542
3541
3541
3541
3541
3547
3547
3547
3547
3547
3547
3547
3547
3987
3987
3987
3987
3987
3987
3987
3987
3547
3547
3547
3547
3559
3559
3559
3559
3272
3272
3272
3272
3272
3272
3272
3272
3072
3072
3072
3072
3072
3072
3072
3072
3525
3525
3525
3525
3158
3158
3158
3158
14680
14680
14680
14680
14680
14680
14680
14680
3559
3559
3559
3559
3559
3559
3559
3559
14680
14680
14680
14680
14680
14680
14680
14680
7248
7248
7248
7248
14680
14680
14680
14680
7248
7248
7248
7248
14680
14680
14680
14680
3539
3539
3539
3539
3539
3539
3539
3539
3594
3594
3594
3594
3594
3594
3594
3594
3594
3594
3594
3594
3594
3594
3594
3594
3594
3594
3594
3594
3594
3594
3594
3594
3594
3594
3594
3594
3594
3594
3594
3594
3594
3594
3594
3594
3542
3542
3542
3542
3542
3542
3542
3542
3547
3547
3547
3547
4171
4171
4171
4171
3547
3547
3547
3547
3939
3939
3939
3939
3547
3547
3547
3547
3541
3541
3541
3541
3594
3594
3594
3594
3542
3542
3542
3542
3542
3542
3542
3542
3405
3405
3405
3405
3594
3594
3594
3594
3594
3594
3594
3594
3594
3594
3594
3594
3594
3594
3594
3594
4162
4162
4162
4162
3594
3594
3594
3594
14778
14778
14778
14778
3594
3594
3594
3594
3594
3594
3594
3594
3594
3594
3594
3594
3594
3594
3594
3594
12383
12383
12383
12383
12383
12383
12383
12383
3356
3356
3356
3356
3356
3356
3356
3356
7476
7476
7476
7476
3560
3560
3560
3560
3560
3560
3560
3560
3560
3560
3560
3560
3560
3560
3560
3560
4144
4144
4144
4144
4144
4144
4144
4144
3560
3560
3560
3560
3560
3560
3560
3560
3560
3560
3560
3560
3560
3560
3560
3560
3352
3352
3352
3352
3352
3352
3352
3352
3850
3850
3850
3850
3850
3850
3850
3850
3850
3850
3850
3850
3560
3560
3560
3560
3351
3351
3351
3351
3351
3351
3351
3351
3333
3333
3333
3333
3333
3333
3333
3333
4064
4064
4064
4064
4064
4064
4064
4064
11359
11359
11359
11359
3292
3292
3292
3292
2916
2916
2916
2916
3292
3292
3292
3292
3292
3292
3292
3292
3292
3292
3292
3292
3528
3528
3528
3528
3528
3528
3528
3528
3560
3560
3560
3560
3560
3560
3560
3560
3560
3560
3560
3560
3560
3560
3560
3560
3560
3560
3560
3560
3356
3356
3356
3356
3356
3356
3356
3356
3560
3560
3560
3560
3560
3560
3560
3560
3560
3560
3560
3560
3584
3584
3584
3584
3584
3584
3584
3584
3560
3560
3560
3560
3560
3560
3560
3560
3560
3560
3560
3560
3560
3560
3560
3560
3351
3351
3351
3351
3351
3351
3351
3351
3351
3351
3351
3351
3562
3562
3562
3562
6314
6314
6314
6314
3562
3562
3562
3562
14778
14778
14778
14778
3562
3562
3562
3562
3560
3560
3560
3560
3584
3584
3584
3584
3560
3560
3560
3560
3352
3352
3352
3352
4032
4032
4032
4032
3578
3578
3578
3578
2122
2122
2122
2122
2122
2122
2122
2122
3578
3578
3578
3578
3578
3578
3578
3578
14653
14653
14653
14653
3340
3340
3340
3340
3320
3320
3320
3320
3320
3320
3320
3320
4233
4233
4233
4233
3194
3194
3194
3194
3194
3194
3194
3194
3560
3560
3560
3560
3560
3560
3560
3560
3560
3560
3560
3560
3560
3560
3560
3560
4106
4106
4106
4106
4106
4106
4106
4106
4013
4013
4013
4013
4013
4013
4013
4013
2636
2636
2636
2636
6144
6144
6144
6144
6144
6144
6144
6144
2904
2904
2904
2904
7468
7468
7468
7468
7464
7464
7464
7464
7464
7464
7464
7464
7468
7468
7468
7468
0
0
738
738
738
738
738
738
738
738
136
136
136
136
136
136
136
136
136
136
136
136
136
136
136
136
136
136
136
136
726
726
726
726
3558
3558
3558
3558
726
726
726
726
849
849
849
849
849
849
849
849
850
850
850
850
850
850
850
850
849
849
849
849
0
4097
4097
4097
4097
849
849
849
849
849
849
849
849
849
849
849
849
0
849
849
849
849
850
850
850
850
723
723
723
723
723
723
723
723
723
723
723
723
727
727
727
727
723
723
723
723
723
723
723
723
727
727
727
727
727
727
727
727
849
849
849
849
3601
3601
3601
3601
850
850
850
850
849
849
849
849
850
850
850
850
851
851
851
851
851
851
851
851
850
850
850
850
850
850
850
850
849
849
849
849
849
849
849
849
11345
11345
11345
11345
11345
11345
11345
11345
849
849
849
849
850
850
850
850
851
851
851
851
851
851
851
851
3931
3931
3931
3931
850
850
850
850
4090
4090
4090
4090
850
850
850
850
851
851
851
851
851
851
851
851
849
849
849
849
849
849
849
849
876
876
876
876
876
876
876
876
877
877
877
877
877
877
877
877
876
876
876
876
4148
4148
4148
4148
4148
4148
4148
4148
876
876
876
876
875
875
875
875
3987
3987
3987
3987
877
877
877
877
877
877
877
877
876
876
876
876
876
876
876
876
877
877
877
877
876
876
876
876
876
876
876
876
877
877
877
877
877
877
877
877
852
852
852
852
853
853
853
853
853
853
853
853
850
850
850
850
850
850
850
850
723
723
723
723
723
723
723
723
3547
3547
3547
3547
723
723
723
723
727
727
727
727
727
727
727
727
723
723
723
723
3352
3352
3352
3352
3259
3259
3259
3259
3260
3260
3260
3260
3260
3260
3260
3260
3260
3260
3260
3260
3260
3260
3260
3260
3569
3569
3569
3569
3569
3569
3569
3569
11513
11513
11513
11513
3560
3560
3560
3560
3560
3560
3560
3560
3560
3560
3560
3560
3560
3560
3560
3560
3560
3560
3560
3560
3560
3560
3560
3560
3560
3560
3560
3560
3560
3560
3560
3560
3560
3560
3560
3560
3560
3560
3560
3560
3560
3560
3560
3560
3560
3560
3560
3560
3560
3560
3560
3560
3584
3584
3584
3584
3584
3584
3584
3584
3277
3277
3277
3277
3277
3277
3277
3277
3560
3560
3560
3560
3560
3560
3560
3560
3351
3351
3351
3351
3350
3350
3350
3350
3403
3403
3403
3403
3403
3403
3403
3403
3403
3403
3403
3403
3560
3560
3560
3560
3352
3352
3352
3352
3352
3352
3352
3352
4032
4032
4032
4032
3194
3194
3194
3194
3194
3194
3194
3194
3882
3882
3882
3882
3882
3882
3882
3882
3396
3396
3396
3396
3366
3366
3366
3366
3366
3366
3366
3366
4107
4107
4107
4107
4107
4107
4107
4107
4107
4107
4107
4107
3560
3560
3560
3560
3584
3584
3584
3584
3584
3584
3584
3584
3560
3560
3560
3560
3560
3560
3560
3560
3560
3560
3560
3560
3560
3560
3560
3560
3584
3584
3584
3584
3584
3584
3584
3584
3943
3943
3943
3943
12463
12463
12463
12463
12463
12463
12463
12463
4013
4013
4013
4013
2636
2636
2636
2636
6150
6150
6150
6150
3250
3250
3250
3250
7468
7468
7468
7468
7464
7464
7464
7464
7464
7464
7464
7464
7468
7468
7468
7468
3525
3525
3525
3525
3525
3525
3525
3525
3560
3560
3560
3560
3560
3560
3560
3560
2904
2904
2904
2904
3560
3560
3560
3560
3560
3560
3560
3560
3560
3560
3560
3560
3560
3560
3560
3560
3584
3584
3584
3584
3584
3584
3584
3584
3400
3400
3400
3400
3400
3400
3400
3400
3967
3967
3967
3967
3967
3967
3967
3967
4143
4143
4143
4143
3967
3967
3967
3967
3967
3967
3967
3967
3967
3967
3967
3967
3967
3967
3967
3967
3112
3112
3112
3112
3967
3967
3967
3967
3112
3112
3112
3112
4000
4000
4000
4000
3112
3112
3112
3112
3112
3112
3112
3112
3967
3967
3967
3967
3967
3967
3967
3967
3350
3350
3350
3350
3350
3350
3350
3350
3403
3403
3403
3403
12715
12715
12715
12715
12715
12715
12715
12715
3403
3403
3403
3403
3403
3403
3403
3403
3967
3967
3967
3967
3112
3112
3112
3112
3112
3112
3112
3112
3525
3525
3525
3525
3525
3525
3525
3525
2986
2986
2986
2986
2986
2986
2986
2986
3967
3967
3967
3967
3967
3967
3967
3967
2986
2986
2986
2986
2986
2986
2986
2986
2986
2986
2986
2986
2986
2986
2986
2986
4066
4066
4066
4066
6152
6152
6152
6152
6152
6152
6152
6152
3033
3033
3033
3033
2930
2930
2930
2930
2930
2930
2930
2930
2122
2122
2122
2122
2122
2122
2122
2122
2894
2894
2894
2894
3087
3087
3087
3087
2930
2930
2930
2930
3223
3223
3223
3223
3223
3223
3223
3223
3223
3223
3223
3223
2894
2894
2894
2894
2894
2894
2894
2894
3223
3223
3223
3223
3223
3223
3223
3223
2894
2894
2894
2894
2894
2894
2894
2894
2902
2902
2902
2902
3006
3006
3006
3006
2902
2902
2902
2902
3223
3223
3223
3223
2902
2902
2902
2902
3223
3223
3223
3223
3223
3223
3223
3223
2902
2902
2902
2902
2902
2902
2902
2902
2902
2902
2902
2902
2902
2902
2902
2902
2902
2902
2902
2902
3223
3223
3223
3223
3223
3223
3223
3223
3223
3223
3223
3223
3223
3223
3223
3223
3223
3223
3223
3223
3223
3223
3223
3223
2592
2592
2592
2592
2902
2902
2902
2902
2902
2902
2902
2902
2902
2902
2902
2902
2902
2902
2902
2902
2902
2902
2902
2902
2902
2902
2902
2902
2902
2902
2902
2902
2902
2902
2902
2902
2902
2902
2902
2902
2902
2902
2902
2902
2902
2902
2902
2902
2902
2902
2902
2902
3958
3958
3958
3958
2902
2902
2902
2902
3006
3006
3006
3006
2902
2902
2902
2902
2902
2902
2902
2902
2902
2902
2902
2902
2902
2902
2902
2902
2902
2902
2902
2902
2895
2895
2895
2895
3535
3535
3535
3535
2895
2895
2895
2895
2895
2895
2895
2895
2895
2895
2895
2895
2895
2895
2895
2895
2895
2895
2895
2895
3223
3223
3223
3223
3223
3223
3223
3223
3931
3931
3931
3931
2899
2899
2899
2899
2899
2899
2899
2899
3223
3223
3223
3223
3223
3223
3223
3223
2911
2911
2911
2911
2895
2895
2895
2895
2895
2895
2895
2895
3223
3223
3223
3223
3223
3223
3223
3223
3223
3223
3223
3223
3223
3223
3223
3223
2895
2895
2895
2895
2896
2896
2896
2896
2896
2896
2896
2896
2897
2897
2897
2897
2897
2897
2897
2897
2897
2897
2897
2897
2897
2897
2897
2897
2898
2898
2898
2898
3514
3514
3514
3514
2898
2898
2898
2898
2898
2898
2898
2898
2898
2898
2898
2898
2898
2898
2898
2898
4146
4146
4146
4146
2930
2930
2930
2930
2122
2122
2122
2122
2122
2122
2122
2122
3033
3033
3033
3033
3033
3033
3033
3033
12411
12411
12411
12411
12411
12411
12411
12411
12411
12411
12411
12411
6338
6338
6338
6338
6338
6338
6338
6338
6338
6338
6338
6338
2139
2139
2139
2139
15088
15088
15088
15088
3067
3067
3067
3067
3867
3867
3867
3867
3867
3867
3867
3867
3067
3067
3067
3067
3867
3867
3867
3867
3067
3067
3067
3067
15088
15088
15088
15088
3124
3124
3124
3124
3124
3124
3124
3124
3180
3180
3180
3180
3067
3067
3067
3067
3067
3067
3067
3067
3067
3067
3067
3067
3067
3067
3067
3067
4147
4147
4147
4147
2958
2958
2958
2958
3256
3256
3256
3256
3256
3256
3256
3256
3256
3256
3256
3256
3256
3256
3256
3256
3128
3128
3128
3128
3128
3128
3128
3128
3128
3128
3128
3128
3128
3128
3128
3128
3128
3128
3128
3128
3128
3128
3128
3128
3128
3128
3128
3128
3128
3128
3128
3128
3124
3124
3124
3124
3868
3868
3868
3868
3128
3128
3128
3128
3128
3128
3128
3128
3124
3124
3124
3124
3124
3124
3124
3124
3128
3128
3128
3128
3128
3128
3128
3128
3067
3067
3067
3067
2592
2592
2592
2592
2916
2916
2916
2916
2916
2916
2916
2916
3092
3092
3092
3092
3092
3092
3092
3092
3067
3067
3067
3067
3067
3067
3067
3067
2583
2583
2583
2583
2583
2583
2583
2583
3541
3541
3541
3541
3541
3541
3541
3541
2955
2955
2955
2955
2955
2955
2955
2955
2923
2923
2923
2923
2923
2923
2923
2923
3128
3128
3128
3128
3128
3128
3128
3128
2930
2930
2930
2930
2930
2930
2930
2930
2930
2930
2930
2930
2955
2955
2955
2955
3532
3532
3532
3532
3532
3532
3532
3532
3067
3067
3067
3067
3067
3067
3067
3067
2930
2930
2930
2930
877
877
877
877
877
877
877
877
4061
4061
4061
4061
719
719
719
719
719
719
719
719
719
719
719
719
14735
14735
14735
14735
719
719
719
719
719
719
719
719
719
719
719
719
3124
3124
3124
3124
3385
3385
3385
3385
3385
3385
3385
3385
3385
3385
3385
3385
3385
3385
3385
3385
3385
3385
3385
3385
3128
3128
3128
3128
3385
3385
3385
3385
3385
3385
3385
3385
3124
3124
3124
3124
3385
3385
3385
3385
3385
3385
3385
3385
3385
3385
3385
3385
3385
3385
3385
3385
3128
3128
3128
3128
3385
3385
3385
3385
3385
3385
3385
3385
4009
4009
4009
4009
2583
2583
2583
2583
2583
2583
2583
2583
3385
3385
3385
3385
2629
2629
2629
2629
2629
2629
2629
2629
2629
2629
2629
2629
3394
3394
3394
3394
3394
3394
3394
3394
3394
3394
3394
3394
3394
3394
3394
3394
3394
3394
3394
3394
3257
3257
3257
3257
3257
3257
3257
3257
3128
3128
3128
3128
3128
3128
3128
3128
3257
3257
3257
3257
3257
3257
3257
3257
3257
3257
3257
3257
3257
3257
3257
3257
3394
3394
3394
3394
3394
3394
3394
3394
3394
3394
3394
3394
3394
3394
3394
3394
3394
3394
3394
3394
3385
3385
3385
3385
3385
3385
3385
3385
2572
2572
2572
2572
2572
2572
2572
2572
3372
3372
3372
3372
3128
3128
3128
3128
3128
3128
3128
3128
2567
2567
2567
2567
2567
2567
2567
2567
2567
2567
2567
2567
3385
3385
3385
3385
3385
3385
3385
3385
3385
3385
3385
3385
3385
3385
3385
3385
3128
3128
3128
3128
12463
12463
12463
12463
12463
12463
12463
12463
12463
12463
12463
12463
12463
12463
12463
12463
12463
12463
12463
12463
3385
3385
3385
3385
3385
3385
3385
3385
3385
3385
3385
3385
3385
3385
3385
3385
3128
3128
3128
3128
3385
3385
3385
3385
3385
3385
3385
3385
3385
3385
3385
3385
11345
11345
11345
11345
11345
11345
11345
11345
3385
3385
3385
3385
3385
3385
3385
3385
3385
3385
3385
3385
3385
3385
3385
3385
3385
3385
3385
3385
3385
3385
3385
3385
2950
2950
2950
2950
7438
7438
7438
7438
7438
7438
7438
7438
2950
2950
2950
2950
2950
2950
2950
2950
136
136
136
136
136
136
136
136
3072
3072
3072
3072
3072
3072
3072
3072
3124
3124
3124
3124
3124
3124
3124
3124
3128
3128
3128
3128
3381
3381
3381
3381
3381
3381
3381
3381
5890
5890
5890
5890
3381
3381
3381
3381
3381
3381
3381
3381
3381
3381
3381
3381
3381
3381
3381
3381
2629
2629
2629
2629
2629
2629
2629
2629
2629
2629
2629
2629
15088
15088
15088
15088
3133
3133
3133
3133
2629
2629
2629
2629
2629
2629
2629
2629
3133
3133
3133
3133
3133
3133
3133
3133
3133
3133
3133
3133
3133
3133
3133
3133
14653
14653
14653
14653
3812
3812
3812
3812
3812
3812
3812
3812
3133
3133
3133
3133
3133
3133
3133
3133
3607
3607
3607
3607
3627
3627
3627
3627
3133
3133
3133
3133
3133
3133
3133
3133
3557
3557
3557
3557
3621
3621
3621
3621
3621
3621
3621
3621
3133
3133
3133
3133
3133
3133
3133
3133
3689
3689
3689
3689
3689
3689
3689
3689
3133
3133
3133
3133
3133
3133
3133
3133
3133
3133
3133
3133
3557
3557
3557
3557
3133
3133
3133
3133
3529
3529
3529
3529
3529
3529
3529
3529
3601
3601
3601
3601
3133
3133
3133
3133
3133
3133
3133
3133
2909
2909
2909
2909
3594
3594
3594
3594
3594
3594
3594
3594
3133
3133
3133
3133
3557
3557
3557
3557
3133
3133
3133
3133
3133
3133
3133
3133
2909
2909
2909
2909
3594
3594
3594
3594
3594
3594
3594
3594
3133
3133
3133
3133
3133
3133
3133
3133
2977
2977
2977
2977
3133
3133
3133
3133
3133
3133
3133
3133
3607
3607
3607
3607
3133
3133
3133
3133
3133
3133
3133
3133
3559
3559
3559
3559
3559
3559
3559
3559
3133
3133
3133
3133
3133
3133
3133
3133
3133
3133
3133
3133
3133
3133
3133
3133
3561
3561
3561
3561
3133
3133
3133
3133
3133
3133
3133
3133
14653
14653
14653
14653
14653
14653
14653
14653
4077
4077
4077
4077
3612
3612
3612
3612
3612
3612
3612
3612
3133
3133
3133
3133
3133
3133
3133
3133
4026
4026
4026
4026
15490
15490
15490
15490
14653
14653
14653
14653
14653
14653
14653
14653
4009
4009
4009
4009
3133
3133
3133
3133
2909
2909
2909
2909
4077
4077
4077
4077
3133
3133
3133
3133
3133
3133
3133
3133
4099
4099
4099
4099
4099
4099
4099
4099
3133
3133
3133
3133
3133
3133
3133
3133
3619
3619
3619
3619
3619
3619
3619
3619
4024
4024
4024
4024
4024
4024
4024
4024
4000
4000
4000
4000
4000
4000
4000
4000
3133
3133
3133
3133
3133
3133
3133
3133
4094
4094
4094
4094
4094
4094
4094
4094
14653
14653
14653
14653
3133
3133
3133
3133
3133
3133
3133
3133
3133
3133
3133
3133
3133
3133
3133
3133
4002
4002
4002
4002
4002
4002
4002
4002
3133
3133
3133
3133
3133
3133
3133
3133
2909
2909
2909
2909
4098
4098
4098
4098
4098
4098
4098
4098
5882
5882
5882
5882
4098
4098
4098
4098
4098
4098
4098
4098
15490
15490
15490
15490
3133
3133
3133
3133
3845
3845
3845
3845
3845
3845
3845
3845
3133
3133
3133
3133
14653
14653
14653
14653
4066
4066
4066
4066
4066
4066
4066
4066
3599
3599
3599
3599
3407
3407
3407
3407
3407
3407
3407
3407
3133
3133
3133
3133
3133
3133
3133
3133
14653
14653
14653
14653
2978
2978
2978
2978
3133
3133
3133
3133
4012
4012
4012
4012
3133
3133
3133
3133
3133
3133
3133
3133
3133
3133
3133
3133
3133
3133
3133
3133
4001
4001
4001
4001
4001
4001
4001
4001
4009
4009
4009
4009
4009
4009
4009
4009
3133
3133
3133
3133
3133
3133
3133
3133
4088
4088
4088
4088
4088
4088
4088
4088
3133
3133
3133
3133
3133
3133
3133
3133
3621
3621
3621
3621
4066
4066
4066
4066
4066
4066
4066
4066
3133
3133
3133
3133
3133
3133
3133
3133
4019
4019
4019
4019
4019
4019
4019
4019
14653
14653
14653
14653
4095
4095
4095
4095
3133
3133
3133
3133
3133
3133
3133
3133
4023
4023
4023
4023
4023
4023
4023
4023
3133
3133
3133
3133
3133
3133
3133
3133
3133
3133
3133
3133
3133
3133
3133
3133
4027
4027
4027
4027
4027
4027
4027
4027
3555
3555
3555
3555
4087
4087
4087
4087
3133
3133
3133
3133
4146
4146
4146
4146
4026
4026
4026
4026
4146
4146
4146
4146
3133
3133
3133
3133
3133
3133
3133
3133
4067
4067
4067
4067
3958
3958
3958
3958
3133
3133
3133
3133
3133
3133
3133
3133
3133
3133
3133
3133
3133
3133
3133
3133
4083
4083
4083
4083
4083
4083
4083
4083
3133
3133
3133
3133
3133
3133
3133
3133
4090
4090
4090
4090
4090
4090
4090
4090
3133
3133
3133
3133
3133
3133
3133
3133
14653
14653
14653
14653
3133
3133
3133
3133
3133
3133
3133
3133
4135
4135
4135
4135
4135
4135
4135
4135
4086
4086
4086
4086
4148
4148
4148
4148
3133
3133
3133
3133
3133
3133
3133
3133
4090
4090
4090
4090
4090
4090
4090
4090
3133
3133
3133
3133
3133
3133
3133
3133
4000
4000
4000
4000
3968
3968
3968
3968
3133
3133
3133
3133
3133
3133
3133
3133
3133
3133
3133
3133
3133
3133
3133
3133
3133
3133
3133
3133
3533
3533
3533
3533
3133
3133
3133
3133
3133
3133
3133
3133
3133
3133
3133
3133
3133
3133
3133
3133
3133
3133
3133
3133
3133
3133
3133
3133
3133
3133
3133
3133
3133
3133
3133
3133
3133
3133
3133
3133
3133
3133
3133
3133
3133
3133
3133
3133
3133
3133
3133
3133
3133
3133
3133
3133
3133
3133
3133
3133
3133
3133
3133
3133
3133
3133
3133
3133
3133
3133
3133
3133
3557
3557
3557
3557
3133
3133
3133
3133
3133
3133
3133
3133
3133
3133
3133
3133
3133
3133
3133
3133
3133
3133
3133
3133
3133
3133
3133
3133
3133
3133
3133
3133
3133
3133
3133
3133
3133
3133
3133
3133
3133
3133
3133
3133
3133
3133
3133
3133
3133
3133
3133
3133
3133
3133
3133
3133
3128
3128
3128
3128
3128
3128
3128
3128
3128
3128
3128
3128
3128
3128
3128
3128
3128
3128
3128
3128
3128
3128
3128
3128
3128
3128
3128
3128
3128
3128
3128
3128
3128
3128
3128
3128
3128
3128
3128
3128
3128
3128
3128
3128
3128
3128
3128
3128
3128
3128
3128
3128
3128
3128
3128
3128
3128
3128
3128
3128
3128
3128
3128
3128
3400
3400
3400
3400
3128
3128
3128
3128
3128
3128
3128
3128
3128
3128
3128
3128
3128
3128
3128
3128
3128
3128
3128
3128
3128
3128
3128
3128
3128
3128
3128
3128
3128
3128
3128
3128
3128
3128
3128
3128
3128
3128
3128
3128
3128
3128
3128
3128
3128
3128
3128
3128
3128
3128
3128
3128
3128
3128
3128
3128
3128
3128
3128
3128
3128
3128
3128
3128
3128
3128
3128
3128
3128
3128
3128
3128
2592
2592
2592
2592
3128
3128
3128
3128
3128
3128
3128
3128
3128
3128
3128
3128
3128
3128
3128
3128
3128
3128
3128
3128
3128
3128
3128
3128
3128
3128
3128
3128
3128
3128
3128
3128
3128
3128
3128
3128
3128
3128
3128
3128
3128
3128
3128
3128
3128
3128
3128
3128
3128
3128
3128
3128
3128
3128
3128
3128
3128
3128
3128
3128
3128
3128
3128
3128
3920
3920
3920
3920
3128
3128
3128
3128
3128
3128
3128
3128
3128
3128
3128
3128
3128
3128
3128
3128
3128
3128
3128
3128
3128
3128
3128
3128
3128
3128
3128
3128
3128
3128
3128
3128
3128
3128
3128
3128
4136
4136
4136
4136
3128
3128
3128
3128
3128
3128
3128
3128
3128
3128
3128
3128
3128
3128
3128
3128
3128
3128
3128
3128
3128
3128
3128
3128
3128
3128
3128
3128
3128
3128
3128
3128
3128
3128
3128
3128
3584
3584
3584
3584
3584
3584
3584
3584
3128
3128
3128
3128
3128
3128
3128
3128
3128
3128
3128
3128
3128
3128
3128
3128
3128
3128
3128
3128
3128
3128
3128
3128
3584
3584
3584
3584
3584
3584
3584
3584
3128
3128
3128
3128
7248
7248
7248
7248
3128
3128
3128
3128
3128
3128
3128
3128
3128
3128
3128
3128
7248
7248
7248
7248
3128
3128
3128
3128
3584
3584
3584
3584
3584
3584
3584
3584
3128
3128
3128
3128
3128
3128
3128
3128
3128
3128
3128
3128
3128
3128
3128
3128
3128
3128
3128
3128
3128
3128
3128
3128
3584
3584
3584
3584
3584
3584
3584
3584
3128
3128
3128
3128
3128
3128
3128
3128
3128
3128
3128
3128
3128
3128
3128
3128
3128
3128
3128
3128
3128
3128
3128
3128
2122
2122
2122
2122
2122
2122
2122
2122
3128
3128
3128
3128
3128
3128
3128
3128
3584
3584
3584
3584
2122
2122
2122
2122
2122
2122
2122
2122
3128
3128
3128
3128
3128
3128
3128
3128
3128
3128
3128
3128
3128
3128
3128
3128
4040
4040
4040
4040
3128
3128
3128
3128
3128
3128
3128
3128
3128
3128
3128
3128
3128
3128
3128
3128
3128
3128
3128
3128
3128
3128
3128
3128
3128
3128
3128
3128
3128
3128
3128
3128
3128
3128
3128
3128
3128
3128
3128
3128
3128
3128
3128
3128
4048
4048
4048
4048
4048
4048
4048
4048
3128
3128
3128
3128
3128
3128
3128
3128
3128
3128
3128
3128
3128
3128
3128
3128
3128
3128
3128
3128
3128
3128
3128
3128
3128
3128
3128
3128
3128
3128
3128
3128
3128
3128
3128
3128
3128
3128
3128
3128
3128
3128
3128
3128
3128
3128
3128
3128
3128
3128
3128
3128
3134
3134
3134
3134
3134
3134
3134
3134
3134
3134
3134
3134
3134
3134
3134
3134
3134
3134
3134
3134
3134
3134
3134
3134
3134
3134
3134
3134
3134
3134
3134
3134
3134
3134
3134
3134
3134
3134
3134
3134
3942
3942
3942
3942
3134
3134
3134
3134
3134
3134
3134
3134
3134
3134
3134
3134
3134
3134
3134
3134
3134
3134
3134
3134
3134
3134
3134
3134
3134
16211
0
16211
16211
16211
16211
0
0
0
16211
16211
16211
16211
0
0
0
16211
16211
16211
16211
0
0
0
16211
16211
16211
16211
0
0
0
16211
16211
16211
16211
0
0
0
16211
16211
16211
16211
0
0
0
16211
16211
16211
16211
0
0
0
16211
16211
16211
16211
0
0
0
16211
16211
16211
16211
0
0
0
16211
16211
16211
16211
0
0
0
16211
16211
16211
16211
0
0
0
16211
16211
16211
16211
0
0
0
16211
16211
16211
16211
0
0
0
16211
16211
16211
16211
0
0
0
16211
16211
16211
16211
0
0
0
16211
16211
16211
16211
0
0
0
16211
16211
16211
16211
0
0
0
16211
16211
16211
16211
0
0
0
16211
16211
16211
16211
0
0
0
16211
16211
16211
16211
0
0
0
16211
16211
16211
16211
0
0
0
16211
16211
2977
2977
2977
2977
16211
16211
0
0
0
16211
16211
16211
16211
0
16211
16211
2592
2592
2592
2592
4136
4136
4136
4136
4136
4136
4136
4136
16211
16211
0
0
0
16211
16211
16211
16211
0
0
0
16211
16211
16211
16211
0
0
0
16211
16211
16211
16211
0
0
0
16211
16211
3599
3599
3599
3599
3599
3599
3599
3599
3599
3599
3599
3599
3599
프로세스가 완료되었습니다. 종료 신호를 기다리는 중...

(Interrupt) 현재까지 발생한 페이지폴트의 수: 539
2018440017 / 김민석(Minseok-Kim)


---물리 프레임 별 접근 횟수----
[000]frame: 128
[001]frame: 196
[002]frame: 176
[003]frame: 132
[004]frame: 224
[005]frame: 125
[006]frame: 138
[007]frame: 60
[008]frame: 140
[009]frame: 124
[010]frame: 136
[011]frame: 144
[012]frame: 156
[013]frame: 612
[014]frame: 132
[015]frame: 84
[016]frame: 77
[017]frame: 200
[018]frame: 84
[019]frame: 92
[020]frame: 220
[021]frame: 48
[022]frame: 100
[023]frame: 120
[024]frame: 88
[025]frame: 84
[026]frame: 72
[027]frame: 252
[028]frame: 64
[029]frame: 156
[030]frame: 244
[031]frame: 188
[032]frame: 60
[033]frame: 140
[034]frame: 199
[035]frame: 280
[036]frame: 220
[037]frame: 132
[038]frame: 124
[039]frame: 185
[040]frame: 100
[041]frame: 172
[042]frame: 368
[043]frame: 168
[044]frame: 184
[045]frame: 140
[046]frame: 60
[047]frame: 208
[048]frame: 80
[049]frame: 192
[050]frame: 124
[051]frame: 132
[052]frame: 112
[053]frame: 64
[054]frame: 168
[055]frame: 92
[056]frame: 148
[057]frame: 192
[058]frame: 144
[059]frame: 84
[060]frame: 132
[061]frame: 648
[062]frame: 88
[063]frame: 64
----------
페이지 폴트 횟수: 539
